001201
001202
001203
001205
001206
001207
001208
002957
002959
002960
002962
002963
002965
002967
002968
002969
002970
002971
002972
002973
002975
002976
002977
002978
002979
002980
002981
002982
002983
002984
002985
002986
002987
002988
002989
002990
002991
002992
002993
002995
002996
002997
002998
002999
003000
003001
003002
003003
003004
003005
003006
003007
003008
003009
003010
003011
003012
003013
003015
003016
003017
003018
003019
003020
003021
003022
003023
003025
003026
003027
003028
003029
003030
003031
003032
003033
003035
003036
003037
003038
003039
003040
003041
003042
003043
003816
300564
300614
300786
300787
300789
300790
300791
300792
300793
300795
300796
300797
300798
300799
300800
300801
300802
300805
300806
300807
300808
300809
300810
300811
300812
300813
300815
300816
300817
300818
300819
300820
300821
300822
300823
300824
300825
300826
300827
300828
300829
300830
300831
300832
300833
300835
300836
300837
300838
300839
300840
300841
300842
300843
300845
300846
300847
300848
300849
300850
300851
300852
300853
300855
300856
300857
300858
300859
301000
301001
301002
301003
301004
301005
301006
301007
301008
301009
301010
301011
301012
301013
301015
301016
301017
301018
301019
301020
301021
301022
301023
301025
301026
301027
301028
301030
301031
301032
301039
600032
600905
600916
600956
601156
601279
601399
601512
601568
601609
601686
601702
601778
601816
601827
601956
603053
603087
603095
603109
603112
603115
603155
603171
603195
603212
603221
603279
603290
603324
603353
603390
603392
603408
603439
603489
603511
603529
603530
603551
603565
603610
603613
603662
603682
603687
603719
603755
603759
603786
603815
603836
603893
603927
603931
603948
603949
603950
603983
603992
603995
605001
605003
605005
605006
605007
605008
605009
605011
605016
605018
605020
605028
605050
605055
605056
605058
605060
605066
605068
605077
605080
605081
605086
605088
605089
605090
605098
605099
605100
605108
605111
605116
605117
605118
605122
605123
605128
605133
605136
605151
605155
605158
605162
605166
605168
605169
605177
605178
605179
605180
605183
605186
605188
605189
605196
605198
605199
605208
605218
605222
605228
605255
605258
605259
605266
605268
605277
605286
605287
605288
605289
605296
605298
605299
605300
605303
605305
605318
605319
605333
605336
605337
605338
605339
605358
605365
605366
605368
605369
605376
605377
605378
605388
605389
605398
605399
605488
605499
605500
688001
688002
688003
688004
688005
688006
688007
688008
688009
688010
688011
688012
688013
688015
688016
688017
688018
688019
688020
688021
688022
688023
688025
688026
688027
688028
688029
688030
688033
688036
688037
688038
688039
688050
688051
688055
688056
688057
688058
688059
688060
688063
688065
688066
688067
688068
688069
688070
688076
688077
688078
688079
688080
688081
688083
688085
688087
688088
688089
688090
688092
688093
688095
688096
688097
688098
688099
688100
688101
688106
688108
688109
688111
688113
688116
688117
688118
688122
688123
688126
688127
688128
688129
688131
688133
688135
688136
688138
688139
688155
688156
688157
688158
688159
688160
688161
688165
688166
688168
688169
688177
688178
688179
688180
688181
688183
688185
688186
688188
688189
688191
688195
688196
688198
688199
688200
688201
688202
688208
688215
688216
688217
688218
688219
688221
688222
688226
688228
688229
688233
688239
688256
688258
688260
688266
688268
688269
688276
688277
688278
688286
688288
688289
688298
688299
688300
688301
688303
688305
688308
688310
688311
688312
688313
688314
688315
688316
688317
688318
688319
688321
688323
688328
688329
688330
688333
688335
688336
688338
688339
688345
688350
688355
688356
688357
688358
688359
688360
688363
688365
688366
688367
688368
688369
688377
688378
688379
688383
688386
688388
688389
688390
688393
688395
688396
688398
688399
688408
688418
688425
688456
688466
688468
688488
688499
688500
688501
688505
688508
688510
688513
688516
688517
688518
688519
688520
688521
688526
688528
688529
688533
688536
688538
688550
688551
688555
688556
688557
688558
688559
688560
688561
688565
688566
688567
688568
688569
688571
688575
688577
688578
688579
688580
688585
688586
688588
688589
688590
688595
688596
688597
688598
688599
688600
688601
688606
688607
688608
688609
688611
688613
688616
688617
688618
688619
688621
688625
688626
688628
688630
688633
688636
688639
688655
688656
688658
688659
688660
688661
688662
688663
688665
688667
688668
688669
688676
688677
688678
688679
688680
688681
688682
688683
688685
688686
688687
688689
688690
688696
688698
688699
688700
688777
688788
688789
688793
688799
688800
688819
688981
689009